c1 =

    0.0252    0.0252         0
   -0.1751   -0.1751         0
    0.3414    0.3414         0
         0         0         0
         0         0         0
         0         0    1.0000


c2 =

   -0.0757   -0.0000    0.0000
    1.5099    0.0000   -0.0000
  -11.6067   -0.0000    0.0000
   42.6036   -0.0000   -0.0000
  -74.6154    0.3846    0.0000
   51.0000   -0.0000    1.0000


c3 =

   1.0e+03 *

    0.0001   -0.0000    0.0000
   -0.0033    0.0000   -0.0000
    0.0432   -0.0000    0.0000
   -0.2769    0.0000   -0.0000
    0.8731    0.0004    0.0000
   -1.0850    0.0000    0.0010


c4 =

   1.0e+03 *

   -0.0001    0.0000   -0.0000
    0.0046   -0.0000    0.0000
   -0.0847    0.0000   -0.0000
    0.7669   -0.0000    0.0000
   -3.4469    0.0004   -0.0000
    6.1510   -0.0000    0.0010


c5 =

   1.0e+04 *

    0.0000    0.0000    0.0000
   -0.0006   -0.0000   -0.0000
    0.0140    0.0000    0.0000
   -0.1633   -0.0000   -0.0000
    0.9501    0.0000    0.0000
   -2.2009   -0.0000    0.0001


c6 =

   1.0e+04 *

   -0.0000   -0.0000    0.0000
    0.0007    0.0000   -0.0000
   -0.0208   -0.0000    0.0000
    0.2982    0.0000   -0.0000
   -2.1268    0.0000    0.0000
    6.0491    0.0000    0.0001


c7 =

   1.0e+05 *

    0.0000    0.0000   -0.0000
   -0.0001   -0.0000    0.0000
    0.0029    0.0000   -0.0000
   -0.0492   -0.0000    0.0000
    0.4154    0.0000   -0.0000
   -1.3996   -0.0000    0.0000


c8 =

   1.0e+05 *

   -0.0000   -0.0000    0.0000
    0.0001    0.0000   -0.0000
   -0.0039   -0.0000    0.0000
    0.0756    0.0000   -0.0000
   -0.7365    0.0000    0.0000
    2.8674    0.0000    0.0000


c9 =

   1.0e+05 *

    0.0000   -0.0000   -0.0000
   -0.0001    0.0000    0.0000
    0.0050   -0.0000   -0.0000
   -0.1099    0.0000    0.0000
    1.2150    0.0000   -0.0000
   -5.3656    0.0000    0.0000


c10 =

   1.0e+05 *

   -0.0000    0.0000    0.0000
    0.0001   -0.0000   -0.0000
   -0.0046    0.0000    0.0000
    0.1150   -0.0000   -0.0000
   -1.4215    0.0000    0.0000
    7.0201   -0.0000    0.0000
