c =

    0.0124         0         0
   -0.1076         0         0
    0.2622         0         0
         0         0         0
         0         0         0
    0.5000    0.5000    1.0000


c =

   -0.0124    0.0124   -0.0000
    0.3092   -0.3092    0.0000
   -2.9713    2.9713   -0.0000
   13.6331  -13.6331    0.0000
  -29.5385   30.0000   -0.0000
   26.0000  -25.0000    1.0000


c3 =

   -0.0124   -0.0124   -0.0000
    0.5109    0.5109    0.0000
   -8.3022   -8.3022   -0.0000
   66.4615   66.4615   -0.0000
 -262.1538 -261.6923    0.0000
  410.0000  407.0000    1.0000


c4 =

   1.0e+03 *

    0.0000   -0.0000    0.0000
   -0.0007    0.0007   -0.0000
    0.0163   -0.0163    0.0000
   -0.1840    0.1840   -0.0000
    1.0338   -1.0343    0.0000
   -2.3035    2.3105    0.0010


c15 =

   1.0e+03 *

    0.0000    0.0000    0.0000
   -0.0009   -0.0009   -0.0000
    0.0268    0.0268    0.0000
   -0.3920   -0.3920   -0.0000
    2.8505    2.8500    0.0000
   -8.2555   -8.2495    0.0010


c18 =

   1.0e+04 *

   -0.0000    0.0000    0.0000
    0.0001   -0.0001   -0.0000
   -0.0040    0.0040    0.0000
    0.0716   -0.0716   -0.0000
   -0.6380    0.6381    0.0000
    2.2682   -2.2687    0.0001


c 21=

   1.0e+04 *

   -0.0000   -0.0000   -0.0000
    0.0001    0.0001    0.0000
   -0.0056   -0.0056   -0.0000
    0.1181    0.1181    0.0000
   -1.2462   -1.2461   -0.0000
    5.2490    5.2481    0.0001


c 24=

   1.0e+05 *

    0.0000   -0.0000   -0.0000
   -0.0000    0.0000    0.0000
    0.0007   -0.0007   -0.0000
   -0.0181    0.0181    0.0000
    0.2209   -0.2210   -0.0000
   -1.0752    1.0753    0.0000
